#  <obsnum>   <comment>     # <SLpipeline args>
# grep LineCheck1 */lmtoy_??????.log  | awk -F/ '{print $1,$2}' | tabcols - 1,4 
110669    QAFAIL  data on 1,2,3
110444  Beam=10,8
112315  Beam=10,8
112316  Beam=10,8
112333  Beam=10,8
112334  Beam=10,8
112340  Beam=10,8
112341  Beam=10,8
112383  Beam=10,8
112384  Beam=10,8

110665 25.9779
110666 26.6478
110669 93.1403
110670 94.2745
110879 7.24016
110880 9.55782
110898 109.19
110899 101.618
110963 38.8801
110964 36.0064
111032 101.871
111033 99.3581
111583 26.1117
111584 22.314
111601 1.19832
111606 32.1084
111607 37.3559
112315 51.7246
112316 49.0774
112333 55.2592
112334 47.7872
112383 58.4021
112384 59.1729
112573 45.4295
112574 38.8018
112637 -1.89869
112638 -2.21187
112643 100.895
112644 91.2577
112651 30.3167
112652 32.4806
113185 26.8134
113186 25.4402
113188 29.2429
113195 109.127
113196 110.009
113206 114.644
113209 41.8625
